56012553
26343868
80620555
56904133
93078382
24267739
56135977
86495494
14698451
61338325
71189685
94930792
23672145
30266030
20211082
80195544
25142684
20657489
26473666
14803767
93731403
78515555
65833652
77028226
25797514
49643869
20926166
22984281
86867045
29399938
91189183
18228890
18111762
89687116
27946570
86893408
91582701
40034502
58876827
31444476
14199424
31950406
26037274
29622950
93325137
85075216
40015669
85380823
30235264
38072977
30106534
92094408
20748305
59040736
33067379
98253061
67610320
50604945
33258450
64388483
21758722
45590660
75816410
78175662
33929140
70067739
88146960
75350796
84940540
47857185
24060279
54683217
70434052
30548496
55274140
52101946
98706669
83356842
97055831
63217488
19841717
66595853
31280021
52323650
46519756
79596515
89221773
31134101
28394492
71634660
92181636
97679984
17766613
41604375
50187592
78683386
33157355
91034799
29995144
96762617
31381075
81063734
10655254
91550250
64102195
98595072
39682240
78592389
66840323
29546971
25632085
58954143
87306141
16926149
56102221
97773643
68713964
66066712
31690975
56821432
19862903
52907695
92399715
61888554
23530849
10871653
48543205
67656552
79987099
10551605
63538381
24512177
87803330
75998588
14590927
84834317
76245807
60541473
99244353
47882407
87663679
96628663
30318203
92451533
35362553
32197039
90241085
86008966
48974358
89787646
85816143
24305066
11350738
14166326
51850080
38687941
81776298
32576815
26624477
52371558
65477860
14557863
98067458
94465190
89795618
69722378
21107269
60675683
51663044
44579614
66322844
50184315
71598873
75781427
13519158
66225012
50969296
95390961
82851890
78026978
81800858
14790723
24375920
78714336
20546918
92260858
11390102
26523160
74593609
82112324
74283666
56831931
83394938
22664648
93672707
24204147
57771951
59110273
51162764
18515627