0471
4304
4057
5039
4826
4635
1796
3138
9318
1008
4119
8218
4741
1184
1988
1948
7825
0921
8749
0966
2824
5174
9638
1208
9212
6974
9956
3674
5761
8742
2318
5429
3108
2173
0722
9421
0069
4916
0557
5634
1800
4499
3737
1441
8006
9206
4843
7602
6665
0178
9859
5194
3959
2833
6799
1026
4957
5664
8147
5289
6919
3941
4210
3012
0873
2767
4131
8254
6617
0545
4827
6879
2912
9959
9056
9187
6878
9429
1674
4346
5253
1574
2994
0916
3518
4835
0025
6717
4089
0652
6002
4238
1809
4339
0973
0605
1505
5831
1037
5551
7151
4733
1281
7891
5224
8304
6249
3578
1522
4987
6948
9284
0764
1828
6645
1630
7898
4154
0254
7608
2729
3118
8462
7341
2379
4495
0468
1939
6294
3464
0566
8068
9748
9845
9496
0547
2623
2568
1946
2054
6067
4876
4654
4630
2634
6132
5233
2232
2639
9644
5324
9943
3311
5691
6286
9590
2705
8691
0341
9565
5911
4582
5213
3352
2148
3846
7949
7800
8168
3255
6210
0825
8538
7047
1889
8003
9907
5184
9062
6947
8402
7781
0986
3018
2303
8248
3788
5767
4071
0288
5916
3584
5044
2021
2313
5177
2331
7438
6310
8125