360
106
114
281
50
55
241
355
45
119
385
89
112
231
32
103
39
21
29
125
144
159
234
238
73
136
3
299
14
87
205
184
442
189
90
33
58
152
139
113
21
6
17
151
128
473
187
221
97
15
317
83
219
204
98
226
40
173
159
62
32
357
72
54
59
100
147
57
27
50
58
85
131
238
44
145
313
73
110
272
95
99
113
75
62
356
270
10
13
136
109
143
42
277
56
275
198
373
154
35
39
261
258
150
321
28
249
50
199
271
188
82
294
349
76
294
79
132
105
103
57
193
28
197
3
150
323
190
158
176
8
21
224
44
156
112
99
20
327
109
81
161
241
70
29
40
46
121
247
56
18
25
20
343
8
65
294
44
155
24
66
109
230
234
127
27
37
159
67
155
337
227
107
205
56
35
318
66
325
253
64
93
277
213
92
43
8
122
47
181
35
81
102
190
61
435
179
45
46
393