410
405
157
381
232
286
313
449
347
500
442
270
167
284
320
122
188
182
193
229
167
167
467
308
100
204
118
419
237
116
231
281
463
392
145
398
243
466
320
304
257
126
219
480
272
483
200
473
103
110
376
221
338
484
468
246
114
244
160
214
444
363
426
161
459
112
242
295
200
189
203
410
378
278
364
214
488
148
339
464
140
155
492
258
139
490
312
137
404
317
137
245
105
450
455
410
359
418
368
169
447
282
302
275
359
102
462
152
289
489
264
431
456
413
329
339
187
164
455
163
241
484
109
249
171
390
324
363
296
390
134
107
260
137
383
277
241
210
366
284
182
323
468
360
302
189
145
454
302
383
112
263
460
434
201
257
415
219
426
213
496
453
363
434
265
265
144
366
475
272
359
270
374
420
160
448
354
276
351
429
242
256
353
359
321
381
378
168
360
264
219
433
104
194
242
449
465
134
133
418